svmtrain_LS 	 svmtrain_SMO 	 svmtrain_QP 	 svm_qp 	 tsvm 
0.4233 	 0.3300 	 0.3233 	 0.3400 	 0.3533 
0.2633 	 0.1833 	 0.1800 	 0.1967 	 0.1967 
0.3633 	 0.3233 	 0.3267 	 0.3033 	 0.3067 
0.4267 	 0.3500 	 0.3467 	 0.3433 	 0.3433 
0.3700 	 0.2900 	 0.2833 	 0.2433 	 0.2467 
0.3400 	 0.2600 	 0.2567 	 0.2633 	 0.2633 
0.3967 	 0.3633 	 0.3700 	 0.3200 	 0.3300 
0.4133 	 0.3700 	 0.3533 	 0.3733 	 0.3733 
0.3267 	 0.2633 	 0.2333 	 0.2167 	 0.2167 
0.4667 	 0.3867 	 0.3800 	 0.3200 	 0.3200 
0.3433 	 0.2733 	 0.2567 	 0.2467 	 0.2467 
0.4633 	 0.4267 	 0.4033 	 0.3933 	 0.3900 
0.3667 	 0.2333 	 0.2233 	 0.2033 	 0.2033 
0.3100 	 0.2600 	 0.2467 	 0.2133 	 0.2133 
0.3800 	 0.3100 	 0.3000 	 0.2633 	 0.2567 
0.4000 	 0.3500 	 0.3333 	 0.3200 	 0.3200 
0.3167 	 0.2600 	 0.2600 	 0.2500 	 0.2500 
0.3633 	 0.2433 	 0.2167 	 0.2067 	 0.2067 
0.3267 	 0.2333 	 0.2300 	 0.2300 	 0.2300 
0.3667 	 0.2900 	 0.2833 	 0.2467 	 0.2467 
0.4033 	 0.2967 	 0.2767 	 0.2700 	 0.2767 
0.3167 	 0.2367 	 0.2467 	 0.2400 	 0.2400 
0.3067 	 0.2033 	 0.1867 	 0.1867 	 0.1900 
0.3367 	 0.1833 	 0.1967 	 0.1933 	 0.1967 
0.3367 	 0.2400 	 0.2300 	 0.2200 	 0.2200 
0.4033 	 0.3267 	 0.3167 	 0.2767 	 0.2767 
0.4000 	 0.2900 	 0.2800 	 0.2567 	 0.2567 
0.2967 	 0.1900 	 0.1800 	 0.1533 	 0.1567 
0.4067 	 0.3500 	 0.3467 	 0.3433 	 0.3433 
0.2667 	 0.1600 	 0.1533 	 0.1400 	 0.1400 
0.4500 	 0.4433 	 0.4267 	 0.4267 	 0.4200 
0.3533 	 0.2967 	 0.2833 	 0.2500 	 0.2467 
0.2900 	 0.2333 	 0.2200 	 0.2100 	 0.2100 
0.3733 	 0.3033 	 0.3067 	 0.3333 	 0.3367 
0.3000 	 0.1767 	 0.1700 	 0.1967 	 0.1967 
0.3533 	 0.2500 	 0.2500 	 0.2500 	 0.2500 
0.4100 	 0.3400 	 0.3233 	 0.3067 	 0.3133 
0.2500 	 0.1933 	 0.1700 	 0.1433 	 0.1433 
0.3433 	 0.2800 	 0.2633 	 0.2600 	 0.2600 
0.4267 	 0.4100 	 0.4100 	 0.4033 	 0.4033 
0.3333 	 0.2567 	 0.2567 	 0.2300 	 0.2300 
0.3600 	 0.2433 	 0.2333 	 0.2400 	 0.2400 
0.3700 	 0.3267 	 0.3100 	 0.3367 	 0.3400 
0.3133 	 0.2300 	 0.2300 	 0.2333 	 0.2333 
0.3400 	 0.2300 	 0.2200 	 0.2700 	 0.2700 
