svmtrain_LS 	 svmtrain_SMO 	 svmtrain_QP 	 svm_qp 	 tsvm 
0.1350 	 0.0500 	 0.0500 	 0.0167 	 0.0167 
0.1867 	 0.0667 	 0.0650 	 0.0433 	 0.0433 
0.0933 	 0.0467 	 0.0483 	 0.0100 	 0.0100 
0.1350 	 0.0767 	 0.0733 	 0.0467 	 0.0467 
0.2100 	 0.0483 	 0.0517 	 0.0283 	 0.0283 
0.1167 	 0.0233 	 0.0233 	 0.0233 	 0.0233 
0.3467 	 0.2100 	 0.2083 	 0.1800 	 0.1800 
0.2167 	 0.0950 	 0.1000 	 0.0583 	 0.0583 
0.1050 	 0.0400 	 0.0400 	 0.0350 	 0.0350 
0.1417 	 0.1000 	 0.0700 	 0.0233 	 0.0233 
0.1117 	 0.0317 	 0.0333 	 0.0317 	 0.0317 
0.1417 	 0.0350 	 0.0350 	 0.0483 	 0.0483 
0.1533 	 0.0500 	 0.0550 	 0.0383 	 0.0383 
0.1350 	 0.0683 	 0.0683 	 0.0500 	 0.0500 
0.0950 	 0.0383 	 0.0367 	 0.0167 	 0.0167 
0.1167 	 0.0450 	 0.0450 	 0.0583 	 0.0583 
0.2550 	 0.1567 	 0.1500 	 0.0917 	 0.0917 
0.1217 	 0.0567 	 0.0533 	 0.0367 	 0.0367 
0.1217 	 0.0317 	 0.0317 	 0.0200 	 0.0200 
